111111111111111111111101111111111000
111111111000000000011101111111101000
111111110000000001111101111111011000
111111101000000100011101111111001000
111111100000000111111011111110111000
111111011000001100011001111110101000
111111010000010001110111111110011000
111111001000011000010011111110001001
111111000000011111101101111101111001
111110111000101000000111111101101010
111110110000110001011111111101011010
111110101000111011110011111101001011
111110100001000111000111111100111011
111110011001010011011001111100101100
111110010001100000101001111100011100
111110001001101110110101111100001101
111110000001111101111111111011111110
111101111010001110000111111011101111
111101110010011111001011111011011111
111101101010110001001011111011010000
111101100011000100001001111011000001
111101011011011000000001111010110010
111101010011101100110111111010100011
111101001100000010101001111010010100
111101000100011001010111111010000101
111100111100110001000001111001110110
111100110101001001100101111001100111
111100101101100011000111111001011001
111100100101111101100001111001001010
111100011110011000111001111000111011
111100010110110101001001111000101100
111100001111010010010101111000011110
111100000111110000011101111000001111
111100000000001111011101111000000001
111011111000101111011001110111110010
111011110001010000001101110111100100
111011101001110001111101110111010101
111011100010010100100101110111000111
111011011010111000001001110110111001
111011010011011100100011110110101010
111011001100000001111001110110011100
111011000100101000000111110110001110
111010111101001111001101110110000000
111010110101110111001101110101110001
111010101110100000000101110101100011
111010100111001001110101110101010101
111010011111110100011111110101000111
111010011000011111111111110100111001
111010010001001100011001110100101011
111010001001111001101001110100011101
111010000010100111110001110100010000
111001111011010110110001110100000010
111001110100000110100111110011110100
111001101100110111010111110011100110
111001100101101000111011110011011000
111001011110011011010111110011001011
111001010111001110101011110010111101
111001010000000010110011110010110000
111001001000110111110011110010100010
111001000001101101101001110010010100
111000111010100100010101110010000111
111000110011011011110111110001111010
111000101100010100001111110001101100
111000100101001101011101110001011111
111000011110000111011111110001010001
111000010111000010010111110001000100
111000001111111110000101110000110111
111000001000111010101001110000101010
111000000001110111111111110000011100
110111111010110110001011110000001111
110111110011110101001101110000000010
110111101100110101000011101111110101
110111100101110101101011101111101000
110111011110110111001001101111011011
110111010111111001011011101111001110
110111010000111100100001101111000001
110111001010000000011011101110110100
110111000011000101001001101110100111
110110111100001010101001101110011010
110110110101010000111101101110001110
110110101110011000000101101110000001
110110100111011111111111101101110100
110110100000101000101101101101100111
110110011001110010001101101101011011
110110010010111100100001101101001110
110110001100000111100101101101000010
110110000101010011011101101100110101
110101111110100000000111101100101000
110101110111101101100011101100011100
110101110000111011110001101100010000
110101101010001010110001101100000011
110101100011011010100011101011110111
110101011100101011000101101011101010
110101010101111100011011101011011110
110101001111001110100001101011010010
110101001000100001010111101011000101
110101000001110100111111101010111001
110100111011001001011001101010101101
110100110100011110100011101010100001
110100101101110100011101101010010101
110100100111001011001001101010001001
110100100000100010100011101001111101
110100011001111010101111101001110001
110100010011010011101011101001100101
110100001100101101010111101001011001
110100000110000111110011101001001101
110011111111100010111111101001000001
110011111000111110111001101000110101
110011110010011011100011101000101001
110011101011111000111101101000011101
110011100101010111000111101000010001
110011011110110101111111101000000110
110011011000010101100111100111111010
110011010001110101111101100111101110
110011001011010111000001100111100011
110011000100111000110101100111010111
110010111110011011010111100111001011
110010110111111110100111100111000000
110010110001100010100111100110110100
110010101011000111010011100110101001
110010100100101100101111100110011101
110010011110010010110111100110010010
110010010111111001101101100110000110
110010010001100001010011100101111011
110010001011001001100011100101110000
110010000100110010100011100101100100
110001111110011100001111100101011001
110001111000000110101001100101001110
110001110001110001101111100101000011
110001101011011101100011100100110111
110001100101001010000101100100101100
110001011110110111010001100100100001
110001011000100101001011100100010110
110001010010010011110001100100001011
110001001100000011000101100100000000
110001000101110011000011100011110101
110000111111100011101111100011101010
110000111001010101000101100011011111
110000110011000111001001100011010100
110000101100111001110111100011001001
110000100110101101010001100010111110
110000100000100001010111100010110011
110000011010010110001001100010101000
110000010100001011100111100010011101
110000001110000001101111100010010011
110000000111111000100001100010001000
110000000001110000000001100001111101
101111111011101000001001100001110011
101111110101100000111101100001101000
101111101111011010011011100001011101
101111101001010100100101100001010011
101111100011001111011001100001001000
101111011101001010110111100000111101
101111010111000110111111100000110011
101111010001000011110001100000101000
101111001011000001001111100000011110
101111000100111111010101100000010011
101110111110111110000101100000001001
101110111000111101011111011111111111
101110110010111101100011011111110100
101110101100111110001111011111101010
101110100110111111100111011111100000
101110100001000001100111011111010101
101110011011000100001111011111001011
101110010101000111100001011111000001
101110001111001011011101011110110111
101110001001010000000001011110101100
101110000011010101001101011110100010
101101111101011011000011011110011000
101101110111100001100001011110001110
101101110001101000100111011110000100
101101101011110000010101011101111010
101101100101111000101101011101110000
101101100000000001101011011101100110
101101011010001011010011011101011100
101101010100010101100011011101010010
101101001110100000011001011101001000
101101001000101011111001011100111110
101101000010110111111111011100110100
101100111101000100101101011100101010
101100110111010010000011011100100000
101100110001100000000001011100010110
101100101011101110100101011100001101
101100100101111101110001011100000011
101100100000001101100011011011111001
101100011010011101111101011011101111
101100010100101110111101011011100110
101100001111000000100011011011011100
101100001001010010110001011011010010
101100000011100101100111011011001001
101011111101111001000001011010111111
101011111000001101000011011010110110
101011110010100001101011011010101100
101011101100110110111001011010100010
101011100111001100101101011010011001
101011100001100011000111011010001111
101011011011111010000111011010000110
101011010110010001101101011001111101
101011010000101001111001011001110011
101011001011000010101001011001101010
101011000101011100000001011001100000
101010111111110101111101011001010111
101010111010010000011111011001001110
101010110100101011100101011001000100
101010101111000111010001011000111011
101010101001100011100011011000110010
101010100100000000011001011000101001
101010011110011101110101011000011111
101010011000111011110101011000010110
101010010011011010011001011000001101
101010001101111001100011011000000100
101010001000011001010001010111111011
101010000010111001100011010111110010
101001111101011010011011010111101001
101001110111111011110111010111100000
101001110010011101110101010111010111
101001101101000000011001010111001110
101001100111100011100001010111000101
101001100010000111001101010110111100
101001011100101011011011010110110011
101001010111010000001111010110101010
101001010001110101100111010110100001
101001001100011011100001010110011000
101001000111000001111111010110001111
101001000001101001000001010110000110
101000111100010000100101010101111101
101000110110111000101101010101110101
101000110001100001011001010101101100
101000101100001010100111010101100011
101000100110110100011001010101011010
101000100001011110101101010101010010
101000011100001001100101010101001001
101000010110110100111111010101000000
101000010001100000111011010100111000
101000001100001101011011010100101111
101000000110111010011101010100100110
101000000001101000000001010100011110
100111111100010110000111010100010101
100111110111000100101111010100001101
100111110001110011111011010100000100
100111101100100011101001010011111100
100111100111010011110111010011110011
100111100010000100101001010011101011
100111011100110101111011010011100010
100111010111100111110001010011011010
100111010010011010000111010011010001
100111001101001100111111010011001001
100111001000000000011001010011000001
100111000010110100010011010010111000
100110111101101000110001010010110000
100110111000011101101111010010101000
100110110011010011001101010010011111
100110101110001001001101010010010111
100110101000111111101111010010001111
100110100011110110110001010010000111
100110011110101110010101010001111110
100110011001100110011001010001110110
100110010100011110111101010001101110
100110001111011000000011010001100110
100110001010010001101001010001011110
100110000101001011101111010001010110
100110000000000110010111010001001110
100101111011000001011111010001000110
100101110101111101000111010000111101
100101110000111001001111010000110101
100101101011110101110111010000101101
100101100110110010111111010000100101
100101100001110000100111010000011101
100101011100101110101111010000010101
100101010111101101010111010000001110
100101010010101100011111010000000110
100101001101101100000111001111111110
100101001000101100001111001111110110
100101000011101100110101001111101110
100100111110101101111101001111100110
100100111001101111100001001111011110
100100110100110001100111001111010110
100100101111110100001011001111001111
100100101010110111001111001111000111
100100100101111010110001001110111111
100100100000111110110011001110110111
100100011100000011010101001110110000
100100010111001000010101001110101000
100100010010001101110011001110100000
100100001101010011110001001110011000
100100001000011010001101001110010001
100100000011100001000111001110001001
100011111110101000100001001110000010
100011111001110000011001001101111010
100011110100111000101111001101110010
100011110000000001100011001101101011
100011101011001010110101001101100011
100011100110010100100111001101011100
100011100001011110110111001101010100
100011011100101001100011001101001101
100011010111110100101111001101000101
100011010011000000010111001100111110
100011001110001100011111001100110110
100011001001011001000101001100101111
100011000100100110000111001100100111
100010111111110011100111001100100000
100010111011000001100101001100011001
100010110110010000000001001100010001
100010110001011110111001001100001010
100010101100101110010001001100000011
100010100111111110000011001011111011
100010100011001110010101001011110100
100010011110011111000011001011101101
100010011001110000001111001011100101
100010010101000001110111001011011110
100010010000010011111101001011010111
100010001011100110011111001011010000
100010000110111001011111001011001000
100010000010001100111011001011000001
100001111101100000110011001010111010
100001111000110101001001001010110011
100001110100001001111011001010101100
100001101111011111001001001010100101
100001101010110100110101001010011110
100001100110001010111101001010010110
100001100001100001100001001010001111
100001011100111000100001001010001000
100001011000001111111101001010000001
100001010011100111110111001001111010
100001001111000000001011001001110011
100001001010011000111101001001101100
100001000101110010001001001001100101
100001000001001011110011001001011110
100000111100100101110111001001010111
100000111000000000010111001001010000
100000110011011011010011001001001010
100000101110110110101011001001000011
100000101010010010011111001000111100
100000100101101110101111001000110101
100000100001001011011001001000101110
100000011100101000011111001000100111
100000011000000110000001001000100000
100000010011100011111101001000011001
100000001111000010010101001000010011
100000001010100001001001001000001100
100000000110000000010111001000000101
100000000001100000000001000111111110
011111111101000000000101000111111000
011111111000100000100101000111110001
011111110100000001011111000111101010
011111101111100010110101000111100100
011111101011000100100101000111011101
011111100110100110101111000111010110
011111100010001001010101000111010000
011111011101101100010101000111001001
011111011001001111101111000111000010
011111010100110011100011000110111100
011111010000010111110011000110110101
011111001011111100011101000110101110
011111000111100001100001000110101000
011111000011000110111111000110100001
011110111110101100111001000110011011
011110111010010011001011000110010100
011110110101111001111001000110001110
011110110001100000111111000110000111
011110101101001000011111000110000001
011110101000110000011011000101111010
011110100100011000101111000101110100
011110100000000001011101000101101101
011110011011101010100111000101100111
011110010111010100001001000101100001
011110010010111110000011000101011010
011110001110101000011001000101010100
011110001010010011000111000101001101
011110000101111110001111000101000111
011110000001101001110001000101000001
011101111101010101101101000100111010
011101111001000010000001000100110100
011101110100101110101111000100101110
011101110000011011110101000100101000
011101101100001001010101000100100001
011101100111110111001101000100011011
011101100011100101011111000100010101
011101011111010100001011000100001111
011101011011000011001111000100001000
011101010110110010101011000100000010
011101010010100010100001000011111100
011101001110010010101111000011110110
011101001010000011010111000011110000
011101000101110100010111000011101001
011101000001100101101111000011100011
011100111101010111100001000011011101
011100111001001001101001000011010111
011100110100111100001011000011010001
011100110000101111000111000011001011
011100101100100010011001000011000101
011100101000010110000101000010111111
011100100100001010000111000010111001
011100011111111110100011000010110011
011100011011110011010111000010101101
011100010111101000100011000010100111
011100010011011110000111000010100001
011100001111010100000011000010011011
011100001011001010010111000010010101
011100000111000001000001000010001111
011100000010111000000101000010001001
011011111110101111100001000010000011
011011111010100111010011000001111101
011011110110011111011111000001110111
011011110010011000000001000001110001
011011101110010000111011000001101011
011011101010001010001101000001100101
011011100110000011110101000001011111
011011100001111101110111000001011010
011011011101111000001111000001010100
011011011001110010111101000001001110
011011010101101110000101000001001000
011011010001101001100001000001000010
011011001101100101010111000000111100
011011001001100001100011000000110111
011011000101011110000111000000110001
011011000001011011000001000000101011
011010111101011000010011000000100101
011010111001010101111011000000100000
011010110101010011111011000000011010
011010110001010010010001000000010100
011010101101010000111101000000001111
011010101001010000000001000000001001
011010100101001111011011000000000011
011010100001001111001100111111111110
011010011101001111010100111111111000
011010011001001111110010111111110010
011010010101010000100110111111101101
011010010001010001110010111111100111
011010001101010011010100111111100001
011010001001010101001100111111011100
011010000101010111011100111111010110
011010000001011010000000111111010001
011001111101011100111100111111001011
011001111001100000001100111111000110
011001110101100011110100111111000000
011001110001100111110010111110111011
011001101101101100000110111110110101
011001101001110000110000111110110000
011001100101110101110000111110101010
011001100001111011000110111110100101
011001011110000000110000111110011111
011001011010000110110010111110011010
011001010110001101001010111110010100
011001010010010011110110111110001111
011001001110011010111010111110001001
011001001010100010010010111110000100
011001000110101010000000111101111111
011001000010110010000100111101111001
011000111110111010011110111101110100
011000111011000011001100111101101110
011000110111001100010000111101101001
011000110011010101101010111101100100
011000101111011111011010111101011110
011000101011101001011110111101011001
011000100111110011111000111101010100
011000100011111110100110111101001110
011000100000001001101010111101001001
011000011100010101000100111101000100
011000011000100000110010111100111111
011000010100101100110110111100111001
011000010000111001001110111100110100
011000001101000101111100111100101111
011000001001010010111110111100101010
011000000101100000010100111100100100
011000000001101110000000111100011111
010111111101111100000010111100011010
010111111010001010011000111100010101
010111110110011001000010111100010000
010111110010101000000010111100001011
010111101110110111010100111100000101
010111101011000110111110111100000000
010111100111010110111010111011111011
010111100011100111001100111011110110
010111011111110111110010111011110001
010111011100001000101100111011101100
010111011000011001111010111011100111
010111010100101011011110111011100010
010111010000111101010110111011011101
010111001101001111100010111011010111
010111001001100010000010111011010010
010111000101110100110110111011001101
010111000010000111111110111011001000
010110111110011011011010111011000011
010110111010101111001100111010111110
010110110111000011010000111010111001
010110110011010111101000111010110100
010110101111101100010100111010101111
010110101100000001010110111010101010
010110101000010110101010111010100101
010110100100101100010010111010100000
010110100001000010001110111010011100
010110011101011000011110111010010111
010110011001101111000010111010010010
010110010110000101111000111010001101
010110010010011101000100111010001000
010110001110110100100010111010000011
010110001011001100010100111001111110
010110000111100100011010111001111001
010110000011111100110010111001110100
010110000000010101011110111001110000
010101111100101110011110111001101011
010101111001000111110010111001100110
010101110101100001011000111001100001
010101110001111011010010111001011100
010101101110010101100000111001010111
010101101010110000000000111001010011
010101100111001010110100111001001110
010101100011100101111010111001001001
010101100000000001010100111001000100
010101011100011101000010111001000000
010101011000111001000010111000111011
010101010101010101010100111000110110
010101010001110001111010111000110001
010101001110001110110010111000101101
010101001010101011111110111000101000
010101000111001001011110111000100011
010101000011100111001110111000011110
010101000000000101010010111000011010
010100111100100011101010111000010101
010100111001000010010100111000010000
010100110101100001010000111000001100
010100110010000000011110111000000111
010100101110100000000000111000000010
010100101010111111110100110111111110
010100100111011111111010110111111001
010100100100000000010100110111110101
010100100000100001000000110111110000
010100011101000001111110110111101011
010100011001100011001110110111100111
010100010110000100110000110111100010
010100010010100110100110110111011110
010100001111001000101100110111011001
010100001011101011000110110111010101
010100001000001101110010110111010000
010100000100110000110000110111001011
010100000001010100000000110111000111
010011111101110111100010110111000010
010011111010011011010110110110111110
010011110110111111011100110110111001
010011110011100011110110110110110101
010011110000001000100000110110110000
010011101100101101011100110110101100
010011101001010010101010110110101000
010011100101111000001010110110100011
010011100010011101111100110110011111
010011011111000011111110110110011010
010011011011101010010100110110010110
010011011000010000111010110110010001
010011010100110111110100110110001101
010011010001011110111110110110001001
010011001110000110011010110110000100
010011001010101110001000110110000000
010011000111010110000110110101111011
010011000011111110011000110101110111
010011000000100110111010110101110011
010010111101001111101100110101101110
010010111001111000110010110101101010
010010110110100010001000110101100110
010010110011001011110000110101100001
010010101111110101101000110101011101
010010101100011111110100110101011001
010010101001001010001110110101010100
010010100101110100111100110101010000
010010100010011111111010110101001100
010010011111001011001000110101000111
010010011011110110101010110101000011
010010011000100010011010110100111111
010010010101001110011110110100111011
010010010001111010110000110100110110
010010001110100111010110110100110010
010010001011010100001010110100101110
010010001000000001010010110100101010
010010000100101110101000110100100101
010010000001011100010000110100100001
010001111110001010001010110100011101
010001111010111000010100110100011001
010001110111100110101110110100010101
010001110100010101011010110100010000
010001110001000100010110110100001100
010001101101110011100010110100001000
010001101010100011000000110100000100
010001100111010010101110110100000000
010001100100000010101100110011111100
010001100000110010111100110011111000
010001011101100011011100110011110011
010001011010010100001100110011101111
010001010111000101001100110011101011
010001010011110110011110110011100111
010001010000100111111110110011100011
010001001101011001110000110011011111
010001001010001011110010110011011011
010001000110111110000110110011010111
010001000011110000101000110011010011
010001000000100011011100110011001111
010000111101010110011110110011001011
010000111010001001110010110011000111
010000110110111101010110110011000011
010000110011110001001010110010111111
010000110000100101001110110010111011
010000101101011001100010110010110110
010000101010001110000110110010110010
010000100111000010111010110010101110
010000100011110111111110110010101011
010000100000101101010010110010100111
010000011101100010110110110010100011
010000011010011000101010110010011111
010000010111001110101100110010011011
010000010100000101000000110010010111
010000010000111011100100110010010011
010000001101110010010110110010001111
010000001010101001011010110010001011
010000000111100000101100110010000111
010000000100011000001110110010000011
010000000001010000000000110001111111
001111111110001000000010110001111011
001111111011000000010100110001110111
001111110111111000110100110001110011
001111110100110001100100110001110000
001111110001101010100100110001101100
001111101110100011110100110001101000
001111101011011101010010110001100100
001111101000010111000000110001100000
001111100101010000111110110001011100
001111100010001011001010110001011000
001111011111000101101000110001010101
001111011100000000010010110001010001
001111011000111011001110110001001101
001111010101110110011000110001001001
001111010010110001110010110001000101
001111001111101101011010110001000010
001111001100101001010010110000111110
001111001001100101011010110000111010
001111000110100001110000110000110110
001111000011011110010100110000110010
001111000000011011001010110000101111
001110111101011000001100110000101011
001110111010010101100000110000100111
001110110111010011000000110000100011
001110110100010000110000110000100000
001110110001001110110000110000011100
001110101110001100111110110000011000
001110101011001011011100110000010100
001110101000001010001000110000010001
001110100101001001000010110000001101
001110100010001000001100110000001001
001110011111000111100100110000000110
001110011100000111001100110000000010
001110011001000111000010101111111110
001110010110000111000110101111111011
001110010011000111011010101111110111
001110010000000111111100101111110011
001110001101001000101100101111110000
001110001010001001101100101111101100
001110000111001010111010101111101000
001110000100001100010110101111100101
001110000001001110000000101111100001
001101111110001111111010101111011110
001101111011010010000010101111011010
001101111000010100011000101111010110
001101110101010110111100101111010011
001101110010011001110000101111001111
001101101111011100110000101111001100
001101101100100000000000101111001000
001101101001100011011110101111000100
001101100110100111001010101111000001
001101100011101011000110101110111101
001101100000101111001110101110111010
001101011101110011100110101110110110
001101011010111000001010101110110011
001101010111111100111110101110101111
001101010101000010000000101110101100
001101010010000111001110101110101000
001101001111001100101100101110100101
001101001100010010011000101110100001
001101001001011000010010101110011110
001101000110011110011010101110011010
001101000011100100110000101110010111
001101000000101011010100101110010011
001100111101110010000110101110010000
001100111010111001000100101110001100
001100111000000000010010101110001001
001100110101000111101110101110000101
001100110010001111010110101110000010
001100101111010111001110101101111110
001100101100011111010010101101111011
001100101001100111100110101101110111
001100100110110000000110101101110100
001100100011111000110100101101110001
001100100001000001110000101101101101
001100011110001010111000101101101010
001100011011010100010000101101100110
001100011000011101110100101101100011
001100010101100111100110101101100000
001100010010110001100110101101011100
001100001111111011110100101101011001
001100001101000110010000101101010101
001100001010010000111000101101010010
001100000111011011101110101101001111
001100000100100110110010101101001011
001100000001110010000010101101001000
001011111110111101100000101101000101
001011111100001001001100101101000001
001011111001010101000100101100111110
001011110110100001001100101100111011
001011110011101101011110101100110111
001011110000111010000000101100110100
001011101110000110101110101100110001
001011101011010011101010101100101101
001011101000100000110010101100101010
001011100101101110001000101100100111
001011100010111011101010101100100011
001011100000001001011100101100100000
001011011101010111011000101100011101
001011011010100101100100101100011010
001011010111110011111010101100010110
001011010101000010100000101100010011
001011010010010001010000101100010000
001011001111100000010000101100001101
001011001100101111011100101100001001
001011001001111110110100101100000110
001011000111001110011010101100000011
001011000100011110001100101100000000
001011000001101110001100101011111100
001010111110111110011000101011111001
001010111100001110110010101011110110
001010111001011111011000101011110011
001010110110110000001010101011110000
001010110100000001001010101011101100
001010110001010010010110101011101001
001010101110100011110000101011100110
001010101011110101010110101011100011
001010101001000111001000101011100000
001010100110011001001000101011011100
001010100011101011010100101011011001
001010100000111101101100101011010110
001010011110010000010010101011010011
001010011011100011000100101011010000
001010011000110110000010101011001101
001010010110001001001110101011001010
001010010011011100100100101011000110
001010010000110000001010101011000011
001010001110000011111010101011000000
001010001011010111110110101010111101
001010001000101100000000101010111010
001010000110000000010110101010110111
001010000011010100111000101010110100
001010000000101001101000101010110001
001001111101111110100010101010101110
001001111011010011101010101010101011
001001111000101000111110101010100111
001001110101111110011110101010100100
001001110011010100001010101010100001
001001110000101010000100101010011110
001001101110000000001000101010011011
001001101011010110011010101010011000
001001101000101100111000101010010101
001001100110000011100000101010010010
001001100011011010010110101010001111
001001100000110001011000101010001100
001001011110001000100110101010001001
001001011011100000000000101010000110
001001011000110111100110101010000011
001001010110001111011000101010000000
001001010011100111011000101001111101
001001010000111111100010101001111010
001001001110010111111000101001110111
001001001011110000011010101001110100
001001001001001001001000101001110001
001001000110100010000010101001101110
001001000011111011001000101001101011
001001000001010100011010101001101000
001000111110101101111000101001100101
001000111100000111100010101001100010
001000111001100001011000101001011111
001000110110111011011010101001011100
001000110100010101100110101001011001
001000110001110000000000101001010110
001000101111001010100100101001010011
001000101100100101010110101001010000
001000101010000000010010101001001110
001000100111011011011010101001001011
001000100100110110101110101001001000
001000100010010010001100101001000101
001000011111101101111000101001000010
001000011101001001101110101000111111
001000011010100101110000101000111100
001000011000000001111110101000111001
001000010101011110011000101000110110
001000010010111010111100101000110011
001000010000010111101100101000110001
001000001101110100101000101000101110
001000001011010001110000101000101011
001000001000101111000010101000101000
001000000110001100100010101000100101
001000000011101010001100101000100010
001000000001001000000000101000011111
000111111110100110000010101000011100
000111111100000100001110101000011010
000111111001100010100100101000010111
000111110111000001001000101000010100
000111110100011111110110101000010001
000111110001111110101110101000001110
000111101111011101110100101000001100
000111101100111101000100101000001001
000111101010011100011110101000000110
000111100111111100000100101000000011
000111100101011011110110101000000000
000111100010111011110100100111111110
000111100000011011111010100111111011
000111011101111100001110100111111000
000111011011011100101100100111110101
000111011000111101010110100111110010
000111010110011110001010100111110000
000111010011111111001010100111101101
000111010001100000010100100111101010
000111001111000001101010100111100111
000111001100100011001010100111100101
000111001010000100110110100111100010
000111000111100110101110100111011111
000111000101001000110000100111011100
000111000010101010111100100111011010
000111000000001101010100100111010111
000110111101101111110110100111010100
000110111011010010100100100111010001
000110111000110101011100100111001111
000110110110011000011110100111001100
000110110011111011101100100111001001
000110110001011111000110100111000111
000110101111000010101010100111000100
000110101100100110011000100111000001
000110101010001010010010100110111110
000110100111101110010110100110111100
000110100101010010100100100110111001
000110100010110110111110100110110110
000110100000011011100010100110110100
000110011110000000010000100110110001
000110011011100101001010100110101110
000110011001001010001110100110101100
000110010110101111011110100110101001
000110010100010100111000100110100110
000110010001111010011100100110100100
000110001111100000001010100110100001
000110001101000110000100100110011111
000110001010101100001000100110011100
000110001000010010010110100110011001
000110000101111000101110100110010111
000110000011011111010010100110010100
000110000001000110000000100110010001
000101111110101100111000100110001111
000101111100010011111100100110001100
000101111001111011001010100110001010
000101110111100010100000100110000111
000101110101001010000100100110000100
000101110010110001110000100110000010
000101110000011001100110100101111111
000101101110000001101000100101111101
000101101011101001110100100101111010
000101101001010010001010100101110111
000101100110111010101010100101110101
000101100100100011010100100101110010
000101100010001100001010100101110000
000101011111110101001000100101101101
000101011101011110010010100101101011
000101011011000111100110100101101000
000101011000110001000100100101100110
000101010110011010101100100101100011
000101010100000100011110100101100000
000101010001101110011010100101011110
000101001111011000100000100101011011
000101001101000010110000100101011001
000101001010101101001100100101010110
000101001000010111110000100101010100
000101000110000010100000100101010001
000101000011101101011000100101001111
000101000001011000011100100101001100
000100111111000011101000100101001010
000100111100101111000000100101000111
000100111010011010100000100101000101
000100111000000110001100100101000010
000100110101110010000000100101000000
000100110011011110000000100100111101
000100110001001010001000100100111011
000100101110110110011100100100111000
000100101100100010111000100100110110
000100101010001111011110100100110011
000100100111111100010000100100110001
000100100101101001001010100100101110
000100100011010110001110100100101100
000100100001000011011100100100101010
000100011110110000110100100100100111
000100011100011110010110100100100101
000100011010001100000000100100100010
000100010111111001110110100100100000
000100010101100111110110100100011101
000100010011010101111110100100011011
000100010001000100010000100100011000
000100001110110010101100100100010110
000100001100100001010010100100010100
000100001010010000000010100100010001
000100000111111110111100100100001111
000100000101101101111110100100001100
000100000011011101001010100100001010
000100000001001100100000100100001000
000011111110111100000000100100000101
000011111100101011101010100100000011
000011111010011011011100100100000000
000011111000001011011010100011111110
000011110101111011100000100011111100
000011110011101011101110100011111001
000011110001011100001000100011110111
000011101111001100101010100011110100
000011101100111101010110100011110010
000011101010101110001100100011110000
000011101000011111001010100011101101
000011100110010000010010100011101011
000011100100000001100100100011101001
000011100001110011000000100011100110
000011011111100100100100100011100100
000011011101010110010010100011100010
000011011011001000001010100011011111
000011011000111010001010100011011101
000011010110101100010100100011011011
000011010100011110101000100011011000
000011010010010001000100100011010110
000011010000000011101010100011010100
000011001101110110011010100011010001
000011001011101001010010100011001111
000011001001011100010100100011001101
000011000111001111100000100011001010
000011000101000010110100100011001000
000011000010110110010010100011000110
000011000000101001111000100011000100
000010111110011101101000100011000001
000010111100010001100000100010111111
000010111010000101100010100010111101
000010110111111001101110100010111010
000010110101101110000010100010111000
000010110011100010100000100010110110
000010110001010111000110100010110100
000010101111001011110110100010110001
000010101101000000110000100010101111
000010101010110101110010100010101101
000010101000101010111100100010101011
000010100110100000010000100010101000
000010100100010101101110100010100110
000010100010001011010010100010100100
000010100000000001000010100010100010
000010011101110110111010100010011111
000010011011101100111010100010011101
000010011001100011000100100010011011
000010010111011001011000100010011001
000010010101001111110100100010010110
000010010011000110011000100010010100
000010010000111101000110100010010010
000010001110110011111100100010010000
000010001100101010111010100010001101
000010001010100010000010100010001011
000010001000011001010100100010001001
000010000110010000101110100010000111
000010000100001000010000100010000101
000010000001111111111100100010000010
000001111111110111110000100010000000
000001111101101111101100100001111110
000001111011100111110010100001111100
000001111001100000000000100001111010
000001110111011000011000100001111000
000001110101010000111000100001110101
000001110011001001100000100001110011
000001110001000010010010100001110001
000001101110111011001100100001101111
000001101100110100001110100001101101
000001101010101101011010100001101011
000001101000100110101110100001101000
000001100110100000001010100001100110
000001100100011001101110100001100100
000001100010010011011100100001100010
000001100000001101010100100001100000
000001011110000111010010100001011110
000001011100000001011010100001011011
000001011001111011101010100001011001
000001010111110110000010100001010111
000001010101110000100100100001010101
000001010011101011001100100001010011
000001010001100101111110100001010001
000001001111100000111010100001001111
000001001101011011111100100001001101
000001001011010111001000100001001010
000001001001010010011100100001001000
000001000111001101111000100001000110
000001000101001001011110100001000100
000001000011000101001010100001000010
000001000001000001000000100001000000
000000111110111100111110100000111110
000000111100111001000100100000111100
000000111010110101010100100000111010
000000111000110001101010100000111000
000000110110101110001010100000110110
000000110100101010110010100000110011
000000110010100111100010100000110001
000000110000100100011010100000101111
000000101110100001011100100000101101
000000101100011110100100100000101011
000000101010011011110110100000101001
000000101000011001010000100000100111
000000100110010110110010100000100101
000000100100010100011010100000100011
000000100010010010001110100000100001
000000100000010000001000100000011111
000000011110001110001010100000011101
000000011100001100010100100000011011
000000011010001010101000100000011001
000000011000001001000010100000010111
000000010110000111100110100000010101
000000010100000110010010100000010011
000000010010000101000100100000010001
000000010000000100000000100000001111
000000001110000011000100100000001101
000000001100000010010000100000001011
000000001010000001100100100000001001
000000001000000001000000100000000111
000000000110000000100100100000000101
000000000100000000010000100000000011
000000000010000000000100100000000001
