000000000000000000000001111111111100
000000000011111111111011111111110100
000000000111111111100011111111101100
000000001011111110111011111111100100
000000001111111110000011111111011100
000000010011111100111011111111010100
000000010111111011100011111111001100
000000011011111001111101111111000100
000000011111111000000101111110111100
000000100011110101111111111110110101
000000100111110011101001111110101101
000000101011110001000101111110100101
000000101111101110001111111110011101
000000110011101011001011111110010110
000000110111100111110111111110001110
000000111011100100010011111110000110
000000111111100000100001111101111111
000001000011011100011111111101110111
000001000111011000001111111101101111
000001001011010011101111111101101000
000001001111001110111111111101100000
000001010011001010000001111101011001
000001010111000100110011111101010001
000001011010111111010111111101001010
000001011110111001101011111101000010
000001100010110011110001111100111011
000001100110101101100111111100110011
000001101010100111001111111100101100
000001101110100000100111111100100101
000001110010011001110001111100011101
000001110110010010101101111100010110
000001111010001011011011111100001111
000001111110000011111001111100000111
000010000001111100000111111100000000
000010000101110100001001111011111001
000010001001101011111011111011110001
000010001101100011011111111011101010
000010010001011010110101111011100011
000010010101010001111011111011011100
000010011001001000110101111011010101
000010011100111111011111111011001110
000010100000110101111011111011000110
000010100100101100001001111010111111
000010101000100010001001111010111000
000010101100010111111001111010110001
000010110000001101011101111010101010
000010110100000010110011111010100011
000010110111110111111001111010011100
000010111011101100110011111010010101
000010111111100001011101111010001110
000011000011010101111011111010000111
000011000111001010001001111010000000
000011001010111110001011111001111001
000011001110110001111111111001110010
000011010010100101100101111001101011
000011010110011000111101111001100101
000011011010001100000111111001011110
000011011101111111000011111001010111
000011100001110001110011111001010000
000011100101100100010011111001001001
000011101001010110100111111001000011
000011101101001000101101111000111100
000011110000111010100101111000110101
000011110100101100010001111000101110
000011111000011101101111111000101000
000011111100001110111111111000100001
000100000000000000000001111000011010
000100000011110000110111111000010100
000100000111100001011111111000001101
000100001011010001111011111000000110
000100001111000010001001111000000000
000100010010110010001001110111111001
000100010110100001111101110111110011
000100011010010001100011110111101100
000100011110000000111011110111100110
000100100001110000000111110111011111
000100100101011111000111110111011001
000100101001001101111001110111010010
000100101100111100011111110111001100
000100110000101010110111110111000101
000100110100011001000001110110111111
000100111000000110111111110110111000
000100111011110100110001110110110010
000100111111100010010111110110101011
000101000011001111101111110110100101
000101000110111100111001110110011111
000101001010101001110111110110011000
000101001110010110101001110110010010
000101010010000011001111110110001100
000101010101101111100111110110000110
000101011001011011110011110101111111
000101011101000111110011110101111001
000101100000110011100101110101110011
000101100100011111001101110101101100
000101101000001010100111110101100110
000101101011110101110011110101100000
000101101111100000110101110101011010
000101110011001011101001110101010100
000101110110110110010011110101001110
000101111010100000101111110101000111
000101111110001010111111110101000001
000110000001110101000011110100111011
000110000101011110111001110100110101
000110001001001000100101110100101111
000110001100110010000011110100101001
000110010000011011010111110100100011
000110010100000100011101110100011101
000110010111101101011001110100010111
000110011011010110000111110100010001
000110011110111110101011110100001011
000110100010100111000001110100000101
000110100110001111001011110011111111
000110101001110111001011110011111001
000110101101011110111101110011110011
000110110001000110100101110011101101
000110110100101110000001110011100111
000110111000010101001111110011100001
000110111011111100010011110011011100
000110111111100011001011110011010110
000111000011001001110111110011010000
000111000110110000011001110011001010
000111001010010110101101110011000100
000111001101111100110111110010111110
000111010001100010110101110010111001
000111010101001000100111110010110011
000111011000101110001101110010101101
000111011100010011100111110010100111
000111011111111000110111110010100010
000111100011011101111011110010011100
000111100111000010110101110010010110
000111101010100111100001110010010000
000111101110001100000011110010001011
000111110001110000011001110010000101
000111110101010100100101110001111111
000111111000111000100101110001111010
000111111100011100011001110001110100
001000000000000000000001110001101110
001000000011100011011111110001101001
001000000111000110110011110001100011
001000001010101001111001110001011110
001000001110001100110111110001011000
001000010001101111100111110001010011
001000010101010010001101110001001101
001000011000110100101001110001001000
001000011100010110111001110001000010
001000011111111000111101110000111100
001000100011011010110111110000110111
001000100110111100100111110000110010
001000101010011110001011110000101100
001000101101111111100011110000100111
001000110001100000110001110000100001
001000110101000001110101110000011100
001000111000100010101101110000010110
001000111100000011011011110000010001
001000111111100011111111110000001100
001001000011000100010111110000000110
001001000110100100100011110000000001
001001001010000100100101101111111011
001001001101100100011101101111110110
001001010001000100001011101111110001
001001010100100011101101101111101011
001001011000000011000101101111100110
001001011011100010010011101111100001
001001011111000001010101101111011100
001001100010100000001101101111010110
001001100101111110111011101111010001
001001101001011101011101101111001100
001001101100111011110101101111000110
001001110000011010000011101111000001
001001110011111000000111101110111100
001001110111010110000001101110110111
001001111010110011101111101110110010
001001111110010001010011101110101100
001010000001101110101101101110100111
001010000101001011111101101110100010
001010001000101001000011101110011101
001010001100000101111101101110011000
001010001111100010101101101110010011
001010010010111111010101101110001110
001010010110011011110001101110001001
001010011001111000000011101110000011
001010011101010100001011101101111110
001010100000110000001001101101111001
001010100100001011111011101101110100
001010100111100111100101101101101111
001010101011000011000101101101101010
001010101110011110011001101101100101
001010110001111001100101101101100000
001010110101010100100111101101011011
001010111000101111011101101101010110
001010111100001010001011101101010001
001010111111100100101101101101001100
001011000010111111000111101101000111
001011000110011001010111101101000010
001011001001110011011101101100111101
001011001101001101010111101100111000
001011010000100111001001101100110011
001011010100000000110001101100101111
001011010111011010001111101100101010
001011011010110011100011101100100101
001011011110001100101111101100100000
001011100001100101101111101100011011
001011100100111110100101101100010110
001011101000010111010011101100010001
001011101011101111110111101100001100
001011101111001000010001101100001000
001011110010100000100001101100000011
001011110101111000100111101011111110
001011111001010000100101101011111001
001011111100101000010111101011110100
001100000000000000000001101011110000
001100000011010111100001101011101011
001100000110101110111001101011100110
001100001010000110000101101011100001
001100001101011101001001101011011101
001100010000110100000011101011011000
001100010100001010110101101011010011
001100010111100001011011101011001110
001100011010110111111001101011001010
001100011110001110001111101011000101
001100100001100100011001101011000000
001100100100111010011011101010111100
001100101000010000010011101010110111
001100101011100110000011101010110010
001100101110111011101001101010101110
001100110010010001000101101010101001
001100110101100110011001101010100101
001100111000111011100011101010100000
001100111100010000100011101010011011
001100111111100101011011101010010111
001101000010111010001001101010010010
001101000110001110101111101010001110
001101001001100011001011101010001001
001101001100110111011111101010000100
001101010000001011100111101010000000
001101010011011111101001101001111011
001101010110110011100001101001110111
001101011010000111001111101001110010
001101011101011010110101101001101110
001101100000101110010001101001101001
001101100100000001100101101001100101
001101100111010100101111101001100000
001101101010100111110001101001011100
001101101101111010101001101001010111
001101110001001101011001101001010011
001101110100011111111111101001001110
001101110111110010011101101001001010
001101111011000100110011101001000110
001101111110010110111111101001000001
001110000001101001000011101000111101
001110000100111010111101101000111000
001110001000001100101111101000110100
001110001011011110010111101000110000
001110001110101111110111101000101011
001110010010000001001111101000100111
001110010101010010011101101000100010
001110011000100011100011101000011110
001110011011110100011111101000011010
001110011111000101010101101000010101
001110100010010110000001101000010001
001110100101100110100011101000001101
001110101000110110111101101000001000
001110101100000111001111101000000100
001110101111010111011001101000000000
001110110010100111011001100111111100
001110110101110111010001100111110111
001110111001000111000001100111110011
001110111100010110100111100111101111
001110111111100110000111100111101010
001111000010110101011101100111100110
001111000110000100101001100111100010
001111001001010011101111100111011110
001111001100100010101011100111011010
001111001111110001011111100111010101
001111010011000000001011100111010001
001111010110001110101111100111001101
001111011001011101001001100111001001
001111011100101011011011100111000101
001111011111111001100101100111000000
001111100011000111100111100110111100
001111100110010101100001100110111000
001111101001100011010001100110110100
001111101100110000111011100110110000
001111101111111110011011100110101100
001111110011001011110011100110100111
001111110110011001000011100110100011
001111111001100110001011100110011111
001111111100110011001011100110011011
010000000000000000000001100110010111
010000000011001100110001100110010011
010000000110011001010111100110001111
010000001001100101110111100110001011
010000001100110010001101100110000111
010000001111111110011011100110000011
010000010011001010100001100101111111
010000010110010110100001100101111011
010000011001100010010111100101110111
010000011100101110000101100101110011
010000011111111001101011100101101111
010000100011000101001001100101101010
010000100110010000011111100101100110
010000101001011011101101100101100010
010000101100100110110011100101011111
010000101111110001110001100101011011
010000110010111100100111100101010111
010000110110000111010101100101010011
010000111001010001111011100101001111
010000111100011100011001100101001011
010000111111100110101111100101000111
010001000010110000111101100101000011
010001000101111011000101100100111111
010001001001000101000011100100111011
010001001100001110111001100100110111
010001001111011000101001100100110011
010001010010100010001111100100101111
010001010101101011101111100100101011
010001011000110101000111100100100111
010001011011111110010111100100100100
010001011111000111011111100100100000
010001100010010000011111100100011100
010001100101011001010111100100011000
010001101000100010001001100100010100
010001101011101010110001100100010000
010001101110110011010011100100001100
010001110001111011101101100100001001
010001110101000011111111100100000101
010001111000001100001001100100000001
010001111011010100001011100011111101
010001111110011100000111100011111001
010010000001100011111011100011110101
010010000100101011100111100011110010
010010000111110011001011100011101110
010010001010111010100111100011101010
010010001110000001111101100011100110
010010010001001001001011100011100011
010010010100010000010001100011011111
010010010111010111001111100011011011
010010011010011110000101100011010111
010010011101100100110101100011010100
010010100000101011011101100011010000
010010100011110001111111100011001100
010010100110111000010111100011001000
010010101001111110101001100011000101
010010101101000100110011100011000001
010010110000001010110111100010111101
010010110011010000110001100010111010
010010110110010110100111100010110110
010010111001011100010011100010110010
010010111100100001111001100010101111
010010111111100111010111100010101011
010011000010101100101101100010100111
010011000101110001111101100010100100
010011001000110111000101100010100000
010011001011111100000101100010011100
010011001111000000111111100010011001
010011010010000101110001100010010101
010011010101001010011011100010010001
010011011000001110111111100010001110
010011011011010011011011100010001010
010011011110010111110001100010000111
010011100001011011111111100010000011
010011100100100000000101100001111111
010011100111100100000101100001111100
010011101010100111111111100001111000
010011101101101011101111100001110101
010011110000101111011001100001110001
010011110011110010111101100001101101
010011110110110110011001100001101010
010011111001111001101101100001100110
010011111100111100111011100001100011
010100000000000000000001100001011111
010100000011000011000001100001011100
010100000110000101111001100001011000
010100001001001000101011100001010101
010100001100001011010101100001010001
010100001111001101111001100001001110
010100010010010000010101100001001010
010100010101010010101011100001000111
010100011000010100111001100001000011
010100011011010110111111100001000000
010100011110011001000001100000111100
010100100001011010111001100000111001
010100100100011100101011100000110101
010100100111011110010111100000110010
010100101010011111111101100000101110
010100101101100001011001100000101011
010100110000100010110001100000100111
010100110011100100000001100000100100
010100110110100101001001100000100001
010100111001100110001011100000011101
010100111100100111000111100000011010
010100111111100111111011100000010110
010101000010101000101001100000010011
010101000101101001001111100000010000
010101001000101001101111100000001100
010101001011101010001001100000001001
010101001110101010011011100000000101
010101010001101010100111100000000010
010101010100101010101011011111111111
010101010111101010101011011111111011
010101011010101010100001011111111000
010101011101101010010011011111110100
010101100000101001111101011111110001
010101100011101001011111011111101110
010101100110101000111011011111101010
010101101001101000010001011111100111
010101101100100111100001011111100100
010101101111100110101001011111100000
010101110010100101101011011111011101
010101110101100100100111011111011010
010101111000100011011011011111010110
010101111011100010001001011111010011
010101111110100000110001011111010000
010110000001011111010001011111001101
010110000100011101101011011111001001
010110000111011011111111011111000110
010110001010011010001011011111000011
010110001101011000010011011110111111
010110010000010110010011011110111100
010110010011010100001011011110111001
010110010110010001111111011110110110
010110011001001111101011011110110010
010110011100001101010001011110101111
010110011111001010101111011110101100
010110100010001000001001011110101001
010110100101000101011011011110100101
010110101000000010100111011110100010
010110101010111111101101011110011111
010110101101111100101011011110011100
010110110000111001100011011110011001
010110110011110110010111011110010101
010110110110110011000001011110010010
010110111001101111100111011110001111
010110111100101100000111011110001100
010110111111101000011111011110001001
010111000010100100110001011110000101
010111000101100000111101011110000010
010111001000011101000011011101111111
010111001011011001000001011101111100
010111001110010100111011011101111001
010111010001010000101101011101110110
010111010100001100011001011101110010
010111010111000111111111011101101111
010111011010000011011111011101101100
010111011100111110110111011101101001
010111011111111010001011011101100110
010111100010110101010111011101100011
010111100101110000011111011101100000
010111101000101011011111011101011101
010111101011100110011001011101011001
010111101110100001001101011101010110
010111110001011011111011011101010011
010111110100010110100001011101010000
010111110111010001000011011101001101
010111111010001011011101011101001010
010111111101000101110011011101000111
011000000000000000000001011101000100
011000000010111010001001011101000001
011000000101110100001101011100111110
011000001000101110001001011100111011
011000001011100111111111011100111000
011000001110100001101111011100110100
011000010001011011011001011100110001
011000010100010100111101011100101110
011000010111001110011011011100101011
011000011010000111110001011100101000
011000011101000001000011011100100101
011000011111111010001111011100100010
011000100010110011010101011100011111
011000100101101100010101011100011100
011000101000100101001101011100011001
011000101011011110000001011100010110
011000101110010110101111011100010011
011000110001001111010101011100010000
011000110100000111110111011100001101
011000110111000000010011011100001010
011000111001111000100111011100000111
011000111100110000110111011100000100
011000111111101001000001011100000001
011001000010100001000101011011111110
011001000101011001000001011011111011
011001001000010000111001011011111000
011001001011001000101011011011110101
011001001110000000010111011011110010
011001010000110111111101011011110000
011001010011101111011101011011101101
011001010110100110110111011011101010
011001011001011110001011011011100111
011001011100010101011001011011100100
011001011111001100100011011011100001
011001100010000011100101011011011110
011001100100111010100001011011011011
011001100111110001011001011011011000
011001101010101000001001011011010101
011001101101011110110101011011010010
011001110000010101011011011011001111
011001110011001011111011011011001100
011001110110000010010101011011001010
011001111000111000101001011011000111
011001111011101110110111011011000100
011001111110100100111111011011000001
011010000001011011000011011010111110
011010000100010000111111011010111011
011010000111000110110111011010111000
011010001001111100101001011010110101
011010001100110010010101011010110011
011010001111100111111011011010110000
011010010010011101011011011010101101
011010010101010010110101011010101010
011010011000001000001011011010100111
011010011010111101011001011010100100
011010011101110010100011011010100010
011010100000100111101001011010011101
011010100110010001011111011010011000
011010101011111011000001011010010010
011010110001100100001011011010001100
011010110111001100111111011010000111
011010111100110101011011011010000001
011011000010011101100011011001111100
011011001000000101010011011001110110
011011001101101100101111011001110001
011011010011010011110011011001101011
011011011000111010100001011001100110
011011011110100000111001011001100000
011011100100000110111101011001011011
011011101001101100101001011001010101
011011101111010001111111011001010000
011011110100110111000001011001001010
011011111010011011101101011001000101
011100000000000000000011011001000000
011100000101100100000011011000111010
011100001011000111101101011000110101
011100010000101011000011011000110000
011100010110001110000011011000101010
011100011011110000101101011000100101
011100100001010011000011011000100000
011100100110110101000011011000011010
011100101100010110101111011000010101
011100110001111000000101011000010000
011100110111011001000111011000001011
011100111100111001110011011000000101
011101000010011010001001011000000000
011101000111111010001101010111111011
011101001101011001111011010111110110
011101010010111001010011010111110001
011101011000011000010111010111101011
011101011101110111000111010111100110
011101100011010101100011010111100001
011101101000110011101001010111011100
011101101110010001011011010111010111
011101110011101110111001010111010010
011101111001001100000011010111001101
011101111110101000111001010111001000
011110000100000101011001010111000011
011110001001100001100111010110111110
011110001110111101011111010110111001
011110010100011001000011010110110100
011110011001110100010101010110101111
011110011111001111010001010110101010
011110100100101001111011010110100101
011110101010000100001111010110100000
011110101111011110010001010110011011
011110110100110111111111010110010110
011110111010010001011001010110010001
011110111111101010011111010110001100
011111000101000011010001010110000111
011111001010011011110001010110000010
011111001111110011111101010101111110
011111010101001011110101010101111001
011111011010100011011001010101110100
011111011111111010101011010101101111
011111100101010001101001010101101010
011111101010101000010101010101100110
011111101111111110101101010101100001
011111110101010100110001010101011100
011111111010101010100011010101010111
100000000000000000000011010101010010
100000000101010101001111010101001110
100000001010101010000111010101001001
100000001111111110101101010101000100
100000010101010011000001010101000000
100000011010100111000001010100111011
100000011111111010101111010100110110
100000100101001110001001010100110010
100000101010100001010011010100101101
100000101111110100001001010100101000
100000110101000110101011010100100100
100000111010011000111101010100011111
100000111111101010111011010100011011
100001000100111100100111010100010110
100001001010001110000001010100010001
100001001111011111001001010100001101
100001010100101111111101010100001000
100001011010000000100001010100000100
100001011111010000110001010011111111
100001100100100000101111010011111011
100001101001110000011101010011110110
100001101110111111110111010011110010
100001110100001111000001010011101101
100001111001011101110111010011101001
100001111110101100011011010011100100
100010000011111010101111010011100000
100010001001001000101111010011011011
100010001110010110011111010011010111
100010010011100011111101010011010011
100010011000110001001001010011001110
100010011101111110000101010011001010
100010100011001010101101010011000101
100010101000010111000101010011000001
100010101101100011001011010010111101
100010110010101110111111010010111000
100010110111111010100001010010110100
100010111101000101110011010010110000
100011000010010000110101010010101011
100011000111011011100011010010100111
100011001100100110000001010010100011
100011010001110000001101010010011110
100011010110111010001001010010011010
100011011100000011110101010010010110
100011100001001101001101010010010010
100011100110010110010101010010001101
100011101011011111001101010010001001
100011110000100111110011010010000101
100011110101110000001001010010000001
100011111010111000001111010001111100
100100000000000000000011010001111000
100100000101000111100101010001110100
100100001010001110110111010001110000
100100001111010101111001010001101100
100100010100011100101011010001101000
100100011001100011001011010001100011
100100011110101001011011010001011111
100100100011101111011001010001011011
100100101000110101001001010001010111
100100101101111010100111010001010011
100100110010111111110101010001001111
100100111000000100110011010001001011
100100111101001001011111010001000111
100101000010001101111101010001000011
100101000111010010001001010000111111
100101001100010110000101010000111011
100101010001011001110001010000110111
100101010110011101001101010000110010
100101011011100000011001010000101110
100101100000100011010101010000101010
100101100101100110000001010000100110
100101101010101000011101010000100010
100101101111101010101001010000011110
100101110100101100100101010000011011
100101111001101110010001010000010111
100101111110101111101101010000010011
100110000011110000111001010000001111
100110001000110001110111010000001011
100110001101110010100011010000000111
100110010010110011000001010000000011
100110010111110011001101001111111111
100110011100110011001011001111111011
100110100001110010111001001111110111
100110100110110010011001001111110011
100110101011110001100111001111101111
100110110000110000100111001111101100
100110110101101111010111001111101000
100110111010101101111001001111100100
100110111111101100001001001111100000
100111000100101010001011001111011100
100111001001100111111111001111011000
100111001110100101100001001111010101
100111010011100010110101001111010001
100111011000011111111011001111001101
100111011101011100110001001111001001
100111100010011001010111001111000101
100111100111010101101111001111000010
100111101100010001110111001110111110
100111110001001101101111001110111010
100111110110001001011011001110110110
100111111011000100110101001110110011
101000000000000000000001001110101111
101000000100111010111111001110101011
101000001001110101101101001110100111
101000001110110000001101001110100100
101000010011101010011111001110100000
101000011000100100100001001110011100
101000011101011110010101001110011001
101000100010010111111001001110010101
101000100111010001001111001110010001
101000101100001010010111001110001110
101000110001000011001111001110001010
101000110101111011111001001110000110
101000111010110100010101001110000011
101000111111101100100001001101111111
101001000100100100100001001101111100
101001001001011100010001001101111000
101001001110010011110001001101110100
101001010011001011000101001101110001
101001011000000010001001001101101101
101001011100111001000001001101101010
101001100001101111101001001101100110
101001100110100110000011001101100010
101001101011011100001111001101011111
101001110000010010001011001101011011
101001110101000111111011001101011000
101001111001111101011101001101010100
101001111110110010101111001101010001
101010000011100111110101001101001101
101010001000011100101011001101001010
101010001101010001010011001101000110
101010010010000101101111001101000011
101010010110111001111011001100111111
101010011011101101111011001100111100
101010100000100001101011001100111000
101010100101010101001111001100110101
101010101010001000100011001100110001
101010101110111011101011001100101110
101010110011101110100101001100101010
101010111000100001010001001100100111
101010111101010011101111001100100100
101011000010000101111111001100100000
101011000110111000000011001100011101
101011001011101001110111001100011001
101011010000011011011111001100010110
101011010101001100111001001100010011
101011011001111110000101001100001111
101011011110101111000011001100001100
101011100011011111110101001100001000
101011101000010000011001001100000101
101011101101000000101111001100000010
101011110001110000110111001011111110
101011110110100000110011001011111011
101011111011010000100001001011111000
101100000000000000000001001011110100
101100000100101111010101001011110001
101100001001011110011011001011101110
101100001110001101010101001011101010
101100010010111011111111001011100111
101100010111101010011111001011100100
101100011100011000101111001011100001
101100100001000110110011001011011101
101100100101110100101011001011011010
101100101010100010010101001011010111
101100101111001111110001001011010011
101100110011111101000001001011010000
101100111000101010000011001011001101
101100111101010110111001001011001010
101101000010000011100011001011000110
101101000110101111111101001011000011
101101001011011100001101001011000000
101101010000001000001111001010111101
101101010100110100000011001010111010
101101011001011111101101001010110110
101101011110001011000111001010110011
101101100010110110010111001010110000
101101100111100001011001001010101101
101101101100001100001101001010101010
101101110000110110110101001010100110
101101110101100001010001001010100011
101101111010001011100001001010100000
101101111110110101100011001010011101
101110000011011111011001001010011010
101110001000001001000011001010010111
101110001100110010011111001010010100
101110010001011011101111001010010000
101110010110000100110011001010001101
101110011010101101101011001010001010
101110011111010110010101001010000111
101110100011111110110011001010000100
101110101000100111000101001010000001
101110101101001111001011001001111110
101110110001110111000011001001111011
101110110110011110110001001001111000
101110111011000110010001001001110101
101110111111101101100101001001110001
101111000100010100101101001001101110
101111001000111011101001001001101011
101111001101100010010111001001101000
101111010010001000111011001001100101
101111010110101111010011001001100010
101111011011010101011101001001011111
101111011111111011011011001001011100
101111100100100001001111001001011001
101111101001000110110101001001010110
101111101101101100001111001001010011
101111110010010001011111001001010000
101111110110110110100001001001001101
101111111011011011010111001001001010
110000000000000000000001001001000111
110000000100100100100001001001000100
110000001001001000110011001001000001
110000001101101100111001001000111110
110000010010010000110101001000111011
110000010110110100100011001000111000
110000011011011000000111001000110101
110000011111111011011111001000110010
110000100100011110101011001000101111
110000101001000001101001001000101101
110000101101100100011111001000101010
110000110010000111000111001000100111
110000110110101001100011001000100100
110000111011001011110101001000100001
110000111111101101111001001000011110
110001000100001111110011001000011011
110001001000110001100001001000011000
110001001101010011000101001000010101
110001010001110100011011001000010010
110001010110010101100111001000001111
110001011010110110100111001000001101
110001011111010111011011001000001010
110001100011111000000101001000000111
110001101000011000100001001000000100
110001101100111000110011001000000001
110001110001011000111011000111111110
110001110101111000110101000111111011
110001111010011000100101000111111001
110001111110111000001011000111110110
110010000011010111100011000111110011
110010000111110110110001000111110000
110010001100010101110101000111101101
110010010000110100101011000111101011
110010010101010011010111000111101000
110010011001110001111001000111100101
110010011110010000001111000111100010
110010100010101110011001000111011111
110010100111001100011001000111011101
110010101011101010001101000111011010
110010110000000111110101000111010111
110010110100100101010011000111010100
110010111001000010100111000111010001
110010111101011111101111000111001111
110011000001111100101011000111001100
110011000110011001011101000111001001
110011001010110110000011000111000110
110011001111010010011111000111000100
110011010011101110110001000111000001
110011011000001010110101000110111110
110011011100100110110001000110111100
110011100001000010100001000110111001
110011100101011110000111000110110110
110011101001111001100001000110110011
110011101110010100101111000110110001
110011110010101111110101000110101110
110011110111001010101111000110101011
110011111011100101011101000110101001
110100000000000000000001000110100110
110100000100011010011011000110100011
110100001000110100101001000110100001
110100001101001110101111000110011110
110100010001101000100111000110011011
110100010110000010010111000110011001
110100011010011011111011000110010110
110100011110110101010011000110010011
110100100011001110100011000110010001
110100100111100111100111000110001110
110100101100000000100001000110001011
110100110000011001001111000110001001
110100110100110001110011000110000110
110100111001001010001111000110000011
110100111101100010011101000110000001
110101000001111010100011000101111110
110101000110010010011101000101111100
110101001010101010001101000101111001
110101001111000001110011000101110110
110101010011011001001111000101110100
110101010111110000011111000101110001
110101011100000111100101000101101111
110101100000011110100001000101101100
110101100100110101010011000101101001
110101101001001011111011000101100111
110101101101100010011001000101100100
110101110001111000101011000101100010
110101110110001110110011000101011111
110101111010100100110011000101011101
110101111110111010100111000101011010
110110000011010000010001000101010111
110110000111100101101111000101010101
110110001011111011000101000101010010
110110010000010000010001000101010000
110110010100100101010011000101001101
110110011000111010001001000101001011
110110011101001110110111000101001000
110110100001100011011001000101000110
110110100101110111110001000101000011
110110101010001100000001000101000001
110110101110100000000101000100111110
110110110010110100000001000100111100
110110110111000111110001000100111001
110110111011011011010111000100110111
110110111111101110110101000100110100
110111000100000010000111000100110010
110111001000010101001111000100101111
110111001100101000001111000100101101
110111010000111011000011000100101010
110111010101001101101111000100101000
110111011001100000010001000100100101
110111011101110010100111000100100011
110111100010000100110101000100100000
110111100110010110111001000100011110
110111101010101000110011000100011100
110111101110111010100011000100011001
110111110011001100001001000100010111
110111110111011101100101000100010100
110111111011101110111001000100010010
111000000000000000000001000100001111
111000000100010001000001000100001101
111000001000100001110111000100001011
111000001100110010100011000100001000
111000010001000011000101000100000110
111000010101010011011101000100000011
111000011001100011101101000100000001
111000011101110011110011000011111110
111000100010000011101111000011111100
111000100110010011100001000011111010
111000101010100011001001000011110111
111000101110110010101001000011110101
111000110011000001111111000011110011
111000110111010001001011000011110000
111000111011100000001101000011101110
111000111111101111000111000011101011
111001000011111101110111000011101001
111001001000001100011101000011100111
111001001100011010111001000011100100
111001010000101001001101000011100010
111001010100110111010111000011100000
111001011001000101010111000011011101
111001011101010011001111000011011011
111001100001100000111011000011011001
111001100101101110100001000011010110
111001101001111011111011000011010100
111001101110001001001101000011010010
111001110010010110010101000011001111
111001110110100011010101000011001101
111001111010110000001011000011001011
111001111110111100110111000011001000
111010000011001001011011000011000110
111010000111010101110101000011000100
111010001011100010000111000011000001
111010001111101110001111000010111111
111010010011111010001101000010111101
111010011000000110000011000010111011
111010011100010001101111000010111000
111010100000011101010001000010110110
111010100100101000101101000010110100
111010101000110011111101000010110001
111010101100111111000101000010101111
111010110001001010000011000010101101
111010110101010100111001000010101011
111010111001011111100101000010101000
111010111101101010001001000010100110
111011000001110100100101000010100100
111011000101111110110101000010100010
111011001010001000111111000010011111
111011001110010010111101000010011101
111011010010011100110101000010011011
111011010110100110100011000010011001
111011011010110000000111000010010110
111011011110111001100011000010010100
111011100011000010110101000010010010
111011100111001011111111000010010000
111011101011010101000001000010001110
111011101111011101111001000010001011
111011110011100110101001000010001001
111011110111101111001111000010000111
111011111011110111101101000010000101
111100000000000000000001000010000011
111100000100001000001101000010000000
111100001000010000010001000001111110
111100001100011000001011000001111100
111100010000011111111101000001111010
111100010100100111100111000001111000
111100011000101111000111000001110101
111100011100110110011111000001110011
111100100000111101101101000001110001
111100100101000100110011000001101111
111100101001001011110001000001101101
111100101101010010100101000001101011
111100110001011001010011000001101000
111100110101011111110101000001100110
111100111001100110010001000001100100
111100111101101100100011000001100010
111101000001110010101101000001100000
111101000101111000101101000001011110
111101001001111110100111000001011100
111101001110000100010111000001011001
111101010010001001111111000001010111
111101010110001111011101000001010101
111101011010010100110011000001010011
111101011110011010000001000001010001
111101100010011111000111000001001111
111101100110100100000011000001001101
111101101010101000111001000001001011
111101101110101101100101000001001000
111101110010110010000111000001000110
111101110110110110100011000001000100
111101111010111010110101000001000010
111101111110111111000001000001000000
111110000011000011000011000000111110
111110000111000110111011000000111100
111110001011001010101101000000111010
111110001111001110010101000000111000
111110010011010001110111000000110110
111110010111010101001111000000110011
111110011011011000011111000000110001
111110011111011011100111000000101111
111110100011011110100101000000101101
111110100111100001011101000000101011
111110101011100100001011000000101001
111110101111100110110001000000100111
111110110011101001001111000000100101
111110110111101011100101000000100011
111110111011101101110011000000100001
111110111111101111111001000000011111
111111000011110001110111000000011101
111111000111110011101101000000011011
111111001011110101011001000000011001
111111001111110110111111000000010111
111111010011111000011011000000010101
111111010111111001101111000000010011
111111011011111010111101000000010001
111111011111111100000001000000001111
111111100011111100111101000000001101
111111100111111101110001000000001011
111111101011111110011101000000001001
111111101111111111000001000000000111
111111110011111111011101000000000101
111111110111111111110001000000000011
111111111011111111111101000000000001
